[[86, 36], [38, 86, 10, 40]]
[[31, 36, 111], [39, 71, 77, 36, 111], [41, 2], [53, 29, 21, 47, 10, 29], [39, 97, 53, 47, 10], [36, 39, 41, 53, 47, 10, 8], [115, 57, 29], [26, 57, 47, 10, 53]]
[[36, 39, 41], [111, 122, 10], [115, 36, 97, 10], [75, 38], [10, 30], [91, 75, 39, 53, 86, 10, 40], [39, 53, 55, 97, 10], [112, 97, 110, 53]]
[]
[[53, 39, 10, 53], [36, 39, 41, 53, 47, 10, 8], [57, 55], [39, 71, 77, 36, 111], [39, 59, 53, 10], [111, 53, 10, 57, 29], [26, 29, 21, 47, 10], [36, 39, 41, 53, 47, 10, 8]]
[[97, 55, 59, 110, 53], [9, 10]]
[[115, 57, 29], [91, 75, 39, 53, 86, 10, 40]]
[[112, 110, 53], [57, 38, 39, 55, 53, 10]]
[[116, 29, 10, 53], [39, 83, 59, 115, 55, 53], [31, 36, 111]]
[[111, 53, 10, 57, 29], [78, 55], [38, 105, 53], [41, 97, 47, 10, 26], [115, 36, 97, 10]]
[[111, 122, 10]]
[[75, 38], [97, 55, 59, 110, 53]]
[[97, 38, 10, 36, 53], [39, 71, 77, 53], [36, 39, 41, 53, 47, 10, 8], [115, 57, 29], [41, 53, 47, 10], [26, 29, 21, 47, 10]]
[[97, 38, 70, 86, 10], [39, 10, 53, 47, 10], [39, 71, 77, 53], [36, 53], [47, 111, 57, 41, 71, 53], [36, 39, 41, 53, 47, 10, 8], [55, 26], [21, 59, 53]]
[[47, 53]]
[[36, 39, 41]]
[[115, 59, 59, 53, 97], [70, 86], [91, 75, 39, 53, 86, 10, 40], [38, 55, 53, 38]]
[[116, 29, 10, 53], [115, 91, 65, 97], [97, 38, 70, 86, 10], [36, 53, 97]]
[[97, 71, 10], [21, 57, 97, 10]]
[[97, 55, 59, 110, 53], [36, 53], [97, 86, 10, 40], [21, 57, 97, 10]]
[[39, 71], [39, 71, 77, 36, 111], [53, 21, 57, 10], [41, 53, 57, 36, 39, 111, 41], [57, 39, 47, 10, 38, 59, 53], [41, 97, 47, 10, 26], [41, 71, 39, 53, 10], [36, 39, 41, 53, 47, 10, 8]]
[[70, 38, 117, 97], [96], [91, 75, 39, 53, 86, 10, 40], [75, 38], [70, 59, 47, 10, 53], [116, 10, 38], [91, 75, 39, 53, 86, 10, 40], [97, 55, 59, 110, 53, 39]]
[[105, 105, 112, 97], [105, 105, 112, 97], [112, 97, 110, 53]]
[[21, 105, 39], [91, 75, 39, 53, 86, 10, 40]]
[[78, 55], [39, 53, 55, 97, 10]]
[[53, 75, 39, 38, 53], [116, 10, 38], [53, 29, 21, 47, 10, 29]]
[[53, 117, 116, 29], [97, 38, 70, 86, 10], [91, 75, 39, 53, 86, 10, 40]]
[[53, 75, 39, 38, 53], [91, 75, 39, 53, 86, 10, 40]]
[[75, 38], [115, 57, 29], [91, 75, 39, 53, 86, 10, 40], [21, 97, 10], [38, 86, 10, 26]]
[[21, 105, 39]]
[[90, 97], [57, 39, 47, 10, 38, 59, 53], [21, 36]]
[[36, 53]]
[[47, 111, 71, 102, 29]]
[[36, 39, 41, 53, 10], [91, 75, 39, 53, 86, 10, 40], [115, 39, 10, 53, 117], [39, 71, 53, 55, 47, 39, 97, 10]]
[[53, 47, 1, 10]]
[[39, 47, 53, 71, 65, 47, 10], [112, 97, 59, 110, 53, 110], [97, 38, 70, 86, 10]]
[[36, 39, 41], [26, 57, 47, 10, 53]]
[[70, 86], [53, 21, 105, 105, 39, 10, 53], [38, 70, 86, 10], [75, 38], [10, 39, 71, 55], [91, 75, 39, 53, 86, 10, 40], [112, 97, 110, 53], [115, 105, 96, 39, 10, 53]]
[[116, 10, 38], [39, 83, 59, 115, 55, 53], [91, 75, 39, 53, 86, 10, 40]]
[[55, 97], [97, 38, 10, 36, 53], [47, 111, 57, 41, 71, 53], [36, 39, 41, 53, 47, 10, 8], [53, 57, 47, 10, 26], [21, 53, 36, 53, 38, 10, 97], [10, 38, 59, 53], [39, 71, 53, 55, 47, 39, 97, 10]]
[[91], [41, 2], [46, 23, 91]]
[[36, 53, 97], [39, 53, 55, 97, 10], [91, 75, 39, 53, 86, 10, 40]]
[[115, 57, 29], [47, 111, 71, 102, 29], [41, 53, 57, 36, 39, 111, 41], [39, 71, 53, 55, 47, 39, 97, 10], [65, 47, 10, 39, 71, 53], [26, 57, 47, 10, 53]]
[[59, 105, 53, 29]]
[[112, 97, 110, 59, 110, 53], [97, 53, 97, 59, 110, 53, 38, 39], [91, 75, 39, 53, 86, 10, 40], [97, 55, 59, 110, 53]]
[[57, 55], [36, 111, 41, 53], [57, 47, 10, 26], [111, 71, 102, 29, 41], [36, 39, 41, 53, 47, 10, 8], [57, 47, 10, 26], [97, 55, 59, 110, 53]]
[[36, 111, 41, 53], [115, 57, 29], [91, 75, 39, 53, 86, 10, 40]]
[[115, 91, 65, 97], [59, 105, 53, 29], [91, 75, 39, 53, 86, 10, 40], [97, 26]]
[[38, 86, 10, 26], [39, 86, 10, 40], [115, 36, 111, 97, 10], [21, 53, 36, 53, 38, 10, 97]]
[[97, 55, 59, 110, 53], [97, 38, 10, 36, 53]]
